   1 116         301 110         601 114         901 106.556    1201  73.5556
   2 116         302 110         602 114         902 106.556    1202  73.5556
   3 115         303 115         603 120         903 105.889    1203 139.444
   4 115         304 115         604 120         904 105.889    1204 139.444
   5 116         305 110         605 110         905 105.333    1205 206.333
   6 116         306 110         606 110         906 105.333    1206 206.333
   7 119         307 114         607 106.556     907 104        1207 122.444
   8 119         308 114         608 106.556     908 104        1208 122.444
   9 117.778     309 116         609 114         909 116.889    1209  99.7778
  10 117.778     310 116         610 114         910 116.889    1210  99.7778
  11 103.556     311 112.111     611 117.778     911 116        1211 109.222
  12 103.556     312 112.111     612 117.778     912 116        1212 109.222
  13 105.889     313 110         613 116.889     913 114        1213 105.333
  14 105.889     314 110         614 116.889     914 114        1214 105.333
  15  89.5556    315 106.556     615 115         915 113        1215 115
  16  89.5556    316 106.556     616 115         916 113        1216 115
  17  61.6667    317  85.5556    617 113         917 115        1217 120
  18  61.6667    318  85.5556    618 113         918 115        1218 120
  19  35         319  58.2222    619 105.889     919 116        1219 112.111
  20  35         320  58.2222    620 105.889     920 116        1220 112.111
  21  37.1111    321  38         621  85         921 113        1221 114
  22  37.1111    322  38         622  85         922 113        1222 114
  23 148.667     323  35         623  64.6667    923 109.222    1223 113
  24 148.667     324  35         624  64.6667    924 109.222    1224 113
  25 237.556     325  78.4444    625  38.6667    925 105.889    1225 108.111
  26 237.556     326  78.4444    626  38.6667    926 105.889    1226 108.111
  27 232.222     327 206.333     627  35         927  99.7778   1227 112.111
  28 232.222     328 206.333     628  35         928  99.7778   1228 112.111
  29 230.667     329 247.667     629  98.8889    929  56.8889   1229 110
  30 230.667     330 247.667     630  98.8889    930  56.8889   1230 110
  31 194.889     331 246         631 123.556     931  35.4444   1231 105.889
  32 194.889     332 246         632 123.556     932  35.4444   1232 105.889
  33 228.889     333 204.333     633  58.2222    933 120.556    1233  71
  34 228.889     334 204.333     634  58.2222    934 120.556    1234  71
  35 244.333     335 156.333     635  26.8889    935  81.8889   1235  54.5556
  36 244.333     336 156.333     636  26.8889    936  81.8889   1236  54.5556
  37 244.333     337 148.667     637  38         937  37.1111   1237 116
  38 244.333     338 148.667     638  38         938  37.1111   1238 116
  39 246         339 127.111     639  64.6667    939  79.8889   1239  88.3333
  40 246         340 127.111     640  64.6667    940  79.8889   1240  88.3333
  41 203.111     341 122         641  83.4444    941  78.1111   1241  98.4444
  42 203.111     342 122         642  83.4444    942  78.1111   1242  98.4444
  43 193.333     343 206.333     643  85         943  81.8889   1243 123.556
  44 193.333     344 206.333     644  85         944  81.8889   1244 123.556
  45 244.333     345 201.778     645  78.1111    945  85        1245  71.7778
  46 244.333     346 201.778     646  78.1111    946  85        1246  71.7778
  47 116.889     347 203.111     647 156.333     947  72.7778   1247  67.8889
  48 116.889     348 203.111     648 156.333     948  72.7778   1248  67.8889
  49 116.889     349 210.444     649 156.333     949 128.778    1249  86.8889
  50 116.889     350 210.444     650 156.333     950 128.778    1250  86.8889
  51 116         351 110         651 114         951 106.556    1251  73.5556
  52 116         352 110         652 114         952 106.556    1252  73.5556
  53 115         353 115         653 120         953 105.889    1253 139.444
  54 115         354 115         654 120         954 105.889    1254 139.444
  55 116         355 110         655 110         955 105.333    1255 206.333
  56 116         356 110         656 110         956 105.333    1256 206.333
  57 119         357 114         657 106.556     957 104        1257 122.444
  58 119         358 114         658 106.556     958 104        1258 122.444
  59 117.778     359 116         659 114         959 116.889    1259  99.7778
  60 117.778     360 116         660 114         960 116.889    1260  99.7778
  61 103.556     361 112.111     661 117.778     961 116        1261 109.222
  62 103.556     362 112.111     662 117.778     962 116        1262 109.222
  63 105.889     363 110         663 116.889     963 114        1263 105.333
  64 105.889     364 110         664 116.889     964 114        1264 105.333
  65  89.5556    365 106.556     665 115         965 113        1265 115
  66  89.5556    366 106.556     666 115         966 113        1266 115
  67  61.6667    367  85.5556    667 113         967 115        1267 120
  68  61.6667    368  85.5556    668 113         968 115        1268 120
  69  35         369  58.2222    669 105.889     969 116        1269 112.111
  70  35         370  58.2222    670 105.889     970 116        1270 112.111
  71  37.1111    371  38         671  85         971 113        1271 114
  72  37.1111    372  38         672  85         972 113        1272 114
  73 148.667     373  35         673  64.6667    973 109.222    1273 113
  74 148.667     374  35         674  64.6667    974 109.222    1274 113
  75 237.556     375  78.4444    675  38.6667    975 105.889    1275 108.111
  76 237.556     376  78.4444    676  38.6667    976 105.889    1276 108.111
  77 232.222     377 206.333     677  35         977  99.7778   1277 112.111
  78 232.222     378 206.333     678  35         978  99.7778   1278 112.111
  79 230.667     379 247.667     679  98.8889    979  56.8889   1279 110
  80 230.667     380 247.667     680  98.8889    980  56.8889   1280 110
  81 194.889     381 246         681 123.556     981  35.4444   1281 105.889
  82 194.889     382 246         682 123.556     982  35.4444   1282 105.889
  83 228.889     383 204.333     683  58.2222    983 120.556    1283  71
  84 228.889     384 204.333     684  58.2222    984 120.556    1284  71
  85 244.333     385 156.333     685  26.8889    985  81.8889   1285  54.5556
  86 244.333     386 156.333     686  26.8889    986  81.8889   1286  54.5556
  87 244.333     387 148.667     687  38         987  37.1111   1287 116
  88 244.333     388 148.667     688  38         988  37.1111   1288 116
  89 246         389 127.111     689  64.6667    989  79.8889   1289  88.3333
  90 246         390 127.111     690  64.6667    990  79.8889   1290  88.3333
  91 203.111     391 122         691  83.4444    991  78.1111   1291  98.4444
  92 203.111     392 122         692  83.4444    992  78.1111   1292  98.4444
  93 193.333     393 206.333     693  85         993  81.8889   1293 123.556
  94 193.333     394 206.333     694  85         994  81.8889   1294 123.556
  95 244.333     395 201.778     695  78.1111    995  85        1295  71.7778
  96 244.333     396 201.778     696  78.1111    996  85        1296  71.7778
  97 116.889     397 203.111     697 156.333     997  72.7778   1297  67.8889
  98 116.889     398 203.111     698 156.333     998  72.7778   1298  67.8889
  99 116.889     399 210.444     699 156.333     999 128.778    1299  86.8889
 100 116.889     400 210.444     700 156.333    1000 128.778    1300  86.8889
 101 116.889     401 114         701 110.889    1001 101.111    1301 209.111
 102 116.889     402 114         702 110.889    1002 101.111    1302 209.111
 103 116         403 116.889     703 116        1003  99.7778   1303 178.556
 104 116         404 116.889     704 116        1004  99.7778   1304 178.556
 105 116.889     405 110.889     705 113        1005 104        1305 197.556
 106 116.889     406 110.889     706 113        1006 104        1306 197.556
 107 119         407 117.778     707 112.111    1007 105.889    1307 190.333
 108 119         408 117.778     708 112.111    1008 105.889    1308 190.333
 109 116         409 120.556     709 113        1009 113        1309 105.333
 110 116         410 120.556     710 113        1010 113        1310 105.333
 111 108.111     411 110         711 120.556    1011 105.889    1311 103.556
 112 108.111     412 110         712 120.556    1012 105.889    1312 103.556
 113 110         413 108.111     713 122        1013 115        1313 110.889
 114 110         414 108.111     714 122        1014 115        1314 110.889
 115  88.3333    415 113         715 115        1015 117.778    1315 115
 116  88.3333    416 113         716 115        1016 117.778    1316 115
 117  70.7778    417 101.111     717 114        1017 109.222    1317 112.111
 118  70.7778    418 101.111     718 114        1018 109.222    1318 112.111
 119  49         419  71         719 116        1019 114        1319 113
 120  49         420  71         720 116        1020 114        1320 113
 121  26.8889    421  44.2222    721 105.333    1021 120.556    1321 110.889
 122  26.8889    422  44.2222    722 105.333    1022 120.556    1322 110.889
 123  98.8889    423  35         723  86.8889   1023 110.889    1323 113
 124  98.8889    424  35         724  86.8889   1024 110.889    1324 113
 125 210.444     425  37.1111    725  71.7778   1025 110        1325 114
 126 210.444     426  37.1111    726  71.7778   1026 110        1326 114
 127 246         427 151.222     727  35.4444   1027 105.333    1327 114
 128 246         428 151.222     728  35.4444   1028 105.333    1328 114
 129 244.333     429 223.111     729  59.1111   1029  97.5556   1329 103.556
 130 244.333     430 223.111     730  59.1111   1030  97.5556   1330 103.556
 131 247.667     431 193.333     731 131.222    1031  44.2222   1331 105.889
 132 247.667     432 193.333     732 131.222    1032  44.2222   1332 105.889
 133 247.667     433 128.778     733  71        1033  59.1111   1333 112.111
 134 247.667     434 128.778     734  71        1034  59.1111   1334 112.111
 135 241.889     435  78.1111    735  26.8889   1035 122.444    1335  68.5556
 136 241.889     436  78.1111    736  26.8889   1036 122.444    1336  68.5556
 137 246         437  44.2222    737  75.1111   1037  78.1111   1337  71
 138 246         438  44.2222    738  75.1111   1038  78.1111   1338  71
 139 233.556     439  26.8889    739  68.5556   1039  70.7778   1339 113
 140 233.556     440  26.8889    740  68.5556   1040  70.7778   1340 113
 141 244.778     441  26.8889    741  78.1111   1041  78.1111   1341  72.7778
 142 244.778     442  26.8889    742  78.1111   1042  78.1111   1342  72.7778
 143 194.889     443 115         743  81.8889   1043  70.7778   1343  68.5556
 144 194.889     444 115         744  81.8889   1044  70.7778   1344  68.5556
 145 213.111     445 214.889     745  77.2222   1045  75.8889   1345  58.2222
 146 213.111     446 214.889     746  77.2222   1046  75.8889   1346  58.2222
 147 207.667     447 193.333     747  98.8889   1047 151.222    1347 104
 148 207.667     448 193.333     748  98.8889   1048 151.222    1348 104
 149  97.5556    449 230.667     749 156.333    1049 156.333    1349 198.889
 150  97.5556    450 230.667     750 156.333    1050 156.333    1350 198.889
 151 116.889     451 114         751 110.889    1051 101.111    1351 209.111
 152 116.889     452 114         752 110.889    1052 101.111    1352 209.111
 153 116         453 116.889     753 116        1053  99.7778   1353 178.556
 154 116         454 116.889     754 116        1054  99.7778   1354 178.556
 155 116.889     455 110.889     755 113        1055 104        1355 197.556
 156 116.889     456 110.889     756 113        1056 104        1356 197.556
 157 119         457 117.778     757 112.111    1057 105.889    1357 190.333
 158 119         458 117.778     758 112.111    1058 105.889    1358 190.333
 159 116         459 120.556     759 113        1059 113        1359 105.333
 160 116         460 120.556     760 113        1060 113        1360 105.333
 161 108.111     461 110         761 120.556    1061 105.889    1361 103.556
 162 108.111     462 110         762 120.556    1062 105.889    1362 103.556
 163 110         463 108.111     763 122        1063 115        1363 110.889
 164 110         464 108.111     764 122        1064 115        1364 110.889
 165  88.3333    465 113         765 115        1065 117.778    1365 115
 166  88.3333    466 113         766 115        1066 117.778    1366 115
 167  70.7778    467 101.111     767 114        1067 109.222    1367 112.111
 168  70.7778    468 101.111     768 114        1068 109.222    1368 112.111
 169  49         469  71         769 116        1069 114        1369 113
 170  49         470  71         770 116        1070 114        1370 113
 171  26.8889    471  44.2222    771 105.333    1071 120.556    1371 110.889
 172  26.8889    472  44.2222    772 105.333    1072 120.556    1372 110.889
 173  98.8889    473  35         773  86.8889   1073 110.889    1373 113
 174  98.8889    474  35         774  86.8889   1074 110.889    1374 113
 175 210.444     475  37.1111    775  71.7778   1075 110        1375 114
 176 210.444     476  37.1111    776  71.7778   1076 110        1376 114
 177 246         477 151.222     777  35.4444   1077 105.333    1377 114
 178 246         478 151.222     778  35.4444   1078 105.333    1378 114
 179 244.333     479 223.111     779  59.1111   1079  97.5556   1379 103.556
 180 244.333     480 223.111     780  59.1111   1080  97.5556   1380 103.556
 181 247.667     481 193.333     781 131.222    1081  44.2222   1381 105.889
 182 247.667     482 193.333     782 131.222    1082  44.2222   1382 105.889
 183 247.667     483 128.778     783  71        1083  59.1111   1383 112.111
 184 247.667     484 128.778     784  71        1084  59.1111   1384 112.111
 185 241.889     485  78.1111    785  26.8889   1085 122.444    1385  68.5556
 186 241.889     486  78.1111    786  26.8889   1086 122.444    1386  68.5556
 187 246         487  44.2222    787  75.1111   1087  78.1111   1387  71
 188 246         488  44.2222    788  75.1111   1088  78.1111   1388  71
 189 233.556     489  26.8889    789  68.5556   1089  70.7778   1389 113
 190 233.556     490  26.8889    790  68.5556   1090  70.7778   1390 113
 191 244.778     491  26.8889    791  78.1111   1091  78.1111   1391  72.7778
 192 244.778     492  26.8889    792  78.1111   1092  78.1111   1392  72.7778
 193 194.889     493 115         793  81.8889   1093  70.7778   1393  68.5556
 194 194.889     494 115         794  81.8889   1094  70.7778   1394  68.5556
 195 213.111     495 214.889     795  77.2222   1095  75.8889   1395  58.2222
 196 213.111     496 214.889     796  77.2222   1096  75.8889   1396  58.2222
 197 207.667     497 193.333     797  98.8889   1097 151.222    1397 104
 198 207.667     498 193.333     798  98.8889   1098 151.222    1398 104
 199  97.5556    499 230.667     799 156.333    1099 156.333    1399 198.889
 200  97.5556    500 230.667     800 156.333    1100 156.333    1400 198.889
 201 110         501 116.889     801 109.222    1101  71        1401 210.444
 202 110         502 116.889     802 109.222    1102  71        1402 210.444
 203 120         503 122.444     803 110.889    1103 108.111    1403 183
 204 120         504 122.444     804 110.889    1104 108.111    1404 183
 205 115         505 112.111     805 114        1105 120.556    1405 210.444
 206 115         506 112.111     806 114        1106 120.556    1406 210.444
 207 110         507 113         807 115        1107 104        1407 209.111
 208 110         508 113         808 115        1108 104        1408 209.111
 209 109.222     509 120         809 115        1109 110        1409 148.667
 210 109.222     510 120         810 115        1110 110        1410 148.667
 211 113         511 112.111     811 120        1111 110.889    1411 101.111
 212 113         512 112.111     812 120        1112 110.889    1412 101.111
 213 114         513 110         813 119        1113 106.556    1413 108.111
 214 114         514 110         814 119        1114 106.556    1414 108.111
 215  98.8889    515 115         815 114        1115 116.889    1415 113
 216  98.8889    516 115         816 114        1116 116.889    1416 113
 217  73.5556    517 110.889     817 114        1117 120        1417 109.222
 218  73.5556    518 110.889     818 114        1118 120        1418 109.222
 219  49         519  86.8889    819 117.778    1119 115        1419 116.889
 220  49         520  86.8889    820 117.778    1120 115        1420 116.889
 221  38         521  59.1111    821 113        1121 120        1421 110
 222  38         522  59.1111    822 113        1122 120        1422 110
 223  38         523  41.8889    823 103.556    1123 114        1423 120.556
 224  38         524  41.8889    824 103.556    1124 114        1424 120.556
 225 151.222     525  26.8889    825  92        1125 105.333    1425 109.222
 226 151.222     526  26.8889    826  92        1126 105.333    1426 109.222
 227 246.778     527  75.8889    827  58.2222   1127 104        1427 110.889
 228 246.778     528  75.8889    828  58.2222   1128 104        1428 110.889
 229 239.778     529 151.222     829  36.3333   1129 110        1429 109.222
 230 239.778     530 151.222     830  36.3333   1130 110        1430 109.222
 231 242.889     531 122         831  85.5556   1131  81.3333   1431 109.222
 232 242.889     532 122         832  85.5556   1132  81.3333   1432 109.222
 233 234.778     533  71.7778    833  98.4444   1133  38.6667   1433 104
 234 234.778     534  71.7778    834  98.4444   1134  38.6667   1434 104
 235 230.667     535  38.6667    835  54.5556   1135  83.8889   1435  98.4444
 236 230.667     536  38.6667    836  54.5556   1136  83.8889   1436  98.4444
 237 214.889     537  24.2222    837  75.8889   1137 124.444    1437  75.8889
 238 214.889     538  24.2222    838  75.8889   1138 124.444    1438  75.8889
 239 230.667     539  26.8889    839  75.1111   1139  58.2222   1439  96.5556
 240 230.667     540  26.8889    840  75.1111   1140  58.2222   1440  96.5556
 241 234.778     541  38.6667    841  73.5556   1141  75.8889   1441  73.5556
 242 234.778     542  38.6667    842  73.5556   1142  75.8889   1442  73.5556
 243 219.222     543  68.5556    843  78.4444   1143  83.4444   1443  44.2222
 244 219.222     544  68.5556    844  78.4444   1144  83.4444   1444  44.2222
 245 201.778     545 151.222     845  79.8889   1145 106.556    1445 153.444
 246 201.778     546 151.222     846  79.8889   1146 106.556    1446 153.444
 247 219.222     547 194.889     847  68.5556   1147 148.667    1447 237.556
 248 219.222     548 194.889     848  68.5556   1148 148.667    1448 237.556
 249 205.222     549 190.333     849 117.778    1149 106.556    1449 237.556
 250 205.222     550 190.333     850 117.778    1150 106.556    1450 237.556
 251 110         551 116.889     851 109.222    1151  71        1451 210.444
 252 110         552 116.889     852 109.222    1152  71        1452 210.444
 253 120         553 122.444     853 110.889    1153 108.111    1453 183
 254 120         554 122.444     854 110.889    1154 108.111    1454 183
 255 115         555 112.111     855 114        1155 120.556    1455 210.444
 256 115         556 112.111     856 114        1156 120.556    1456 210.444
 257 110         557 113         857 115        1157 104        1457 209.111
 258 110         558 113         858 115        1158 104        1458 209.111
 259 109.222     559 120         859 115        1159 110        1459 148.667
 260 109.222     560 120         860 115        1160 110        1460 148.667
 261 113         561 112.111     861 120        1161 110.889    1461 101.111
 262 113         562 112.111     862 120        1162 110.889    1462 101.111
 263 114         563 110         863 119        1163 106.556    1463 108.111
 264 114         564 110         864 119        1164 106.556    1464 108.111
 265  98.8889    565 115         865 114        1165 116.889    1465 113
 266  98.8889    566 115         866 114        1166 116.889    1466 113
 267  73.5556    567 110.889     867 114        1167 120        1467 109.222
 268  73.5556    568 110.889     868 114        1168 120        1468 109.222
 269  49         569  86.8889    869 117.778    1169 115        1469 116.889
 270  49         570  86.8889    870 117.778    1170 115        1470 116.889
 271  38         571  59.1111    871 113        1171 120        1471 110
 272  38         572  59.1111    872 113        1172 120        1472 110
 273  38         573  41.8889    873 103.556    1173 114        1473 120.556
 274  38         574  41.8889    874 103.556    1174 114        1474 120.556
 275 151.222     575  26.8889    875  92        1175 105.333    1475 109.222
 276 151.222     576  26.8889    876  92        1176 105.333    1476 109.222
 277 246.778     577  75.8889    877  58.2222   1177 104        1477 110.889
 278 246.778     578  75.8889    878  58.2222   1178 104        1478 110.889
 279 239.778     579 151.222     879  36.3333   1179 110        1479 109.222
 280 239.778     580 151.222     880  36.3333   1180 110        1480 109.222
 281 242.889     581 122         881  85.5556   1181  81.3333   1481 109.222
 282 242.889     582 122         882  85.5556   1182  81.3333   1482 109.222
 283 234.778     583  71.7778    883  98.4444   1183  38.6667   1483 104
 284 234.778     584  71.7778    884  98.4444   1184  38.6667   1484 104
 285 230.667     585  38.6667    885  54.5556   1185  83.8889   1485  98.4444
 286 230.667     586  38.6667    886  54.5556   1186  83.8889   1486  98.4444
 287 214.889     587  24.2222    887  75.8889   1187 124.444    1487  75.8889
 288 214.889     588  24.2222    888  75.8889   1188 124.444    1488  75.8889
 289 230.667     589  26.8889    889  75.1111   1189  58.2222   1489  96.5556
 290 230.667     590  26.8889    890  75.1111   1190  58.2222   1490  96.5556
 291 234.778     591  38.6667    891  73.5556   1191  75.8889   1491  73.5556
 292 234.778     592  38.6667    892  73.5556   1192  75.8889   1492  73.5556
 293 219.222     593  68.5556    893  78.4444   1193  83.4444   1493  44.2222
 294 219.222     594  68.5556    894  78.4444   1194  83.4444   1494  44.2222
 295 201.778     595 151.222     895  79.8889   1195 106.556    1495 153.444
 296 201.778     596 151.222     896  79.8889   1196 106.556    1496 153.444
 297 219.222     597 194.889     897  68.5556   1197 148.667    1497 237.556
 298 219.222     598 194.889     898  68.5556   1198 148.667    1498 237.556
 299 205.222     599 190.333     899 117.778    1199 106.556    1499 237.556
 300 205.222     600 190.333     900 117.778    1200 106.556    1500 237.556
