*************************************************************

   NEOS Server Version 5.0
   Job#     : 162734
   Password : EceVkvph
   Solver   : nco:LOQO:AMPL
   Start    : 2012-04-15 19:38:51
   End      : 2012-04-15 19:39:54
   Host     : neos-3.chtc.wisc.edu

   Disclaimer:

   This information is provided without any express or
   implied warranty. In particular, there is no warranty
   of any kind concerning the fitness of this
   information  for any particular purpose.
*************************************************************
Job 162734 sent to neos-3.chtc.wisc.edu
password: EceVkvph
---------- Begin Solver Output -----------
Executing /opt/neos/Drivers/loqo-ampl/loqo-driver.py at time: 2012-04-15 19:39:38.673728
File exists
You are using the solver loqo.
Executing AMPL.
processing data.
processing commands.

Presolve eliminates 0 constraints and 79 variables.
Adjusted problem:
1421 variables, all nonlinear
0 constraints
1 nonlinear objective; 1421 nonzeros.

LOQO 6.07: optimal solution (40 QP iterations, 118 evaluations)
primal objective 6150484.142
  dual objective 6150483.984
a [*] :=
   1 255              501 255             1001 255
   2 255              502   3.64373e-05   1002   7.13996e-05
   3 254.998          503 254.999         1003 255
   4 255              504 255             1004 255
   5 254.999          505 255             1005 233.884
   6 254.999          506   0.000481558   1006 255
   7  77.148          507 255             1007 255
   8 255              508   0.444015      1008 255
   9 255              509   5.48534e-05   1009   0.00014011
  10  27.0323         510  54.248         1010 255
  11 254.999          511   0.000425716   1011 255
  12 255              512 255             1012 255
  13 255              513   0.000595316   1013 255
  14 126.663          514   0.000251506   1014 255
  15 255              515   0.000456483   1015 255
  16 255              516 254.999         1016 255
  17   0.000598992    517   9.50109e-05   1017 255
  18   0.000188046    518 255             1018  50.4209
  19  46.6971         519 255             1019   0.000169786
  20 255              520 255             1020 255
  21   9.23015e-05    521   3.64895e-05   1021   0.000938958
  22 255              522   2.31754e-05   1022   0.000218613
  23   0.00019083     523   0.000122117   1023   7.56503e-05
  24 254.999          524 255             1024 255
  25   3.15316e-05    525 255             1025  16.178
  26   5.20729e-05    526 255             1026 255
  27  54.2924         527   5.12094e-05   1027 255
  28 255              528   1.10845e-05   1028   0.00118572
  29 255              529   6.04692e-06   1029 255
  30 255              530   6.74825e-06   1030 255
  31 255              531   3.34825e-05   1031 255
  32 255              532 255             1032 254.999
  33 255              533 255             1033   8.64746e-05
  34 179.423          534 255             1034   2.74443e-05
  35 255              535 255             1035   3.39353e-05
  36   0.000122845    536 255             1036   9.9429e-05
  37 255              537 255             1037 255
  38 255              538 255             1038 143.491
  39 255              539 255             1039   1.001e-05
  40 255              540 255             1040   1.02547e-05
  41 255              541 255             1041   6.87195e-06
  42 255              542 255             1042   5.52272e-06
  43 255              543 255             1043   6.92571e-06
  44   2.28013e-05    544   0.000158181   1044   1.42586e-05
  45   5.93338e-06    545   5.10935e-05   1045   0.000153351
  46   3.29801e-06    546   4.37767e-05   1046 255
  47   2.37726e-06    547 255             1047   0.000581233
  48   2.02446e-06    548 255             1048   3.28323e-05
  49   2.06714e-06    549 255             1049   2.86057e-05
  50   0              550   0             1050   0
  51   0.000122202    551   1.70995       1051 255
  52   0.000192033    552   2.23863e-05   1052   6.13466e-05
  53 197.882          553   0.00014326    1053 255
  54   0.00023717     554 255             1054 255
  55  35.5582         555 255             1055   0.000359731
  56   0.000141915    556   9.5355e-05    1056 255
  57   0.000124041    557   0.000605161   1057 254.999
  58   0.000296056    558   0.00010403    1058 238.365
  59  89.8031         559   3.29709e-05   1059   0.000178624
  60   0.000306717    560   0.000149839   1060 255
  61   0.000319841    561 254.998         1061 255
  62   0.000346787    562 255             1062 255
  63   5.33915e-05    563 254.999         1063 215.916
  64   3.85912e-05    564   0.000300948   1064   0.000344174
  65   3.07577e-05    565   0.000183904   1065   0.000152189
  66   4.1623e-05     566   0.000129842   1066   0.000147079
  67   8.40527e-05    567   4.85902e-05   1067 242.976
  68 254.999          568 255             1068 254.998
  69 255              569 255             1069   0.000449246
  70 255              570 254.999         1070 255
  71   8.05324e-05    571   3.72424e-05   1071 255
  72   4.37854e-05    572   2.37601e-05   1072  17.5265
  73   3.47287e-05    573   0.000142057   1073   7.12224e-05
  74   5.56468e-05    574 255             1074 254.998
  75   1.53698e-05    575 255             1075   0.000174702
  76   2.2282e-05     576 255             1076 254.996
  77   2.40519e-05    577   7.61584e-05   1077   6.56768
  78   2.47656e-05    578   1.09663e-05   1078   4.15289e-05
  79 156.542          579   5.71966e-06   1079   6.2834e-05
  80 255              580   5.95419e-06   1080   9.45325e-05
  81 255              581   1.53444e-05   1081   0.00430456
  82 255              582 255             1082  66.3803
  83 255              583 255             1083   4.80663e-05
  84 255              584 255             1084   2.07867e-05
  85 255              585 255             1085   2.31862e-05
  86 255              586 255             1086   3.24174e-05
  87 255              587 255             1087  51.4454
  88 255              588 254.998         1088 255
  89 255              589 255             1089   1.91516e-05
  90 255              590 246.617         1090   3.48664e-05
  91 255              591 255             1091   1.55176e-05
  92 255              592 255             1092   1.00463e-05
  93 255              593 255             1093   1.30316e-05
  94 255              594   1.23773e-05   1094   3.59343e-05
  95 255              595   1.33003e-05   1095 255
  96 255              596   1.49799e-05   1096 255
  97 255              597 255             1097 255
  98 255              598   4.97789e-05   1098 255
  99 255              599 132.782         1099 255
 100   0              600   0             1100   0
 101   5.75141e-05    601  46.1964        1101 255
 102   6.74053e-05    602   2.11195e-05   1102   6.99122e-05
 103   0.000654997    603 181.948         1103  10.7117
 104   0.000197386    604 255             1104 255
 105 148.518          605 255             1105   0.000370948
 106   0.00010876     606 255             1106   0.00610403
 107   0.000155622    607 255             1107   8.18717e-05
 108   0.000435334    608 255             1108   8.52545e-05
 109   0.000237673    609   8.96485e-05   1109   5.52467e-05
 110   0.000190686    610 255             1110 255
 111  77.7547         611 255             1111 254.999
 112 255              612 255             1112 254.999
 113   0.000114431    613 255             1113   0.000117361
 114   0.000138649    614  15.1495        1114   0.000132678
 115   8.14234e-05    615   0.000134445   1115   0.000101031
 116   0.000199566    616   7.77472e-05   1116   0.000164578
 117 109.352          617   3.86497e-05   1117 254.999
 118 255              618 220.854         1118   0.00243806
 119 254.999          619 255             1119   0.000190087
 120 255              620 255             1120   0.00334106
 121   0.000147255    621   4.141e-05     1121 255
 122   7.70025e-05    622   2.65684e-05   1122   0.000513561
 123  32.8286         623   7.59922e-05   1123   5.66016e-05
 124 255              624 255             1124   0.000303227
 125   3.69876e-05    625 255             1125   0.000114419
 126   8.90762e-05    626 255             1126 255
 127   6.42232e-05    627   4.02851e-05   1127 245.216
 128   3.34578e-05    628   1.09744e-05   1128   3.92035e-05
 129   7.00963e-05    629   5.97924e-06   1129   6.09173e-05
 130 151.189          630   6.00069e-06   1130   9.27904e-05
 131 255              631   1.13804e-05   1131 255
 132 255              632 255             1132 255
 133 255              633 255             1133   5.2998e-05
 134 255              634 255             1134   2.15725e-05
 135 255              635 255             1135   2.35332e-05
 136 255              636 255             1136   2.83065e-05
 137 255              637   0.000282575   1137 254.999
 138 255              638   2.98529e-05   1138 255
 139 139.068          639   0.000110602   1139   0.000272893
 140 255              640   4.08565e-05   1140 255
 141 255              641   0.000220811   1141 255
 142 255              642  74.8129        1142   3.78316e-05
 143 255              643   8.71025e-05   1143   5.47508e-05
 144 255              644   9.56183e-06   1144   8.57601
 145 255              645   1.14609e-05   1145 255
 146 255              646   1.38102e-05   1146 255
 147 255              647 255             1147 255
 148 255              648   0.00085896    1148  29.0105
 149 255              649 255             1149  90.2815
 150   0              650   0             1150   0
 151   8.05015e-05    651 255             1151 131.02
 152   0.00010008     652   1.64621e-05   1152   5.87903e-05
 153 255              653   6.11717e-05   1153   0.000152516
 154 255              654 255             1154 255
 155 255              655   0.000210543   1155 255
 156 255              656   5.87298e-05   1156 255
 157 255              657 255             1157   0.000319261
 158 255              658 107.736         1158  29.4605
 159 255              659   3.61952e-05   1159   8.34903e-05
 160 255              660 255             1160 255
 161 255              661 255             1161 255
 162 255              662 255             1162  39.8299
 163 176.82           663   0.000938458   1163   0.000433245
 164 255              664 244.373         1164 255
 165 254.999          665   0.000174772   1165 255
 166 255              666   8.89271e-05   1166 255
 167 255              667   4.1713e-05    1167 255
 168   8.88561        668  25.6669        1168 255
 169   0.000112625    669 255             1169   0.000163227
 170 118.18           670 255             1170   0.000165152
 171   8.2364e-05     671   0.000173198   1171 254.999
 172   5.75558e-05    672   6.48576e-05   1172 255
 173 255              673   0.000250969   1173   0.000136499
 174 255              674 255             1174 255
 175   0.000105376    675 255             1175 254.999
 176 255              676 255             1176 255
 177 105.678          677   3.63098e-05   1177 255
 178   5.13913e-05    678   1.44823e-05   1178   8.78661e-05
 179   4.26031e-05    679   7.63278e-06   1179   0.000377499
 180   2.64371e-05    680   7.27301e-06   1180 186.197
 181 255              681   1.06202e-05   1181 255
 182   8.92204e-05    682  72.3751        1182 255
 183 107.434          683 255             1183   6.80761e-05
 184 255              684 255             1184   2.38416e-05
 185 255              685 255             1185   2.00974e-05
 186 255              686 255             1186   1.81586e-05
 187   5.62046e-05    687   9.65875e-05   1187   3.92392e-05
 188   2.25165e-05    688   4.14353e-05   1188 254.999
 189   1.06415e-05    689 126.412         1189   8.76268e-05
 190   1.17229e-05    690 255             1190 255
 191   1.0806e-05     691 255             1191 255
 192   1.43542e-05    692 255             1192   0.000136427
 193   1.79651e-05    693   0.000104303   1193   0.000145129
 194 189.546          694   1.38706e-05   1194   0.000119785
 195 255              695   2.20973e-05   1195 172.521
 196 255              696   3.50619e-05   1196   9.24633e-05
 197 255              697 255             1197   0.00076183
 198 255              698 255             1198   8.59743e-05
 199 255              699 255             1199  81.9327
 200   0              700   0             1200   0
 201  80.9265         701 255             1201   0.000593062
 202   0.000124095    702   1.61327e-05   1202   0.000191682
 203 255              703   6.83075e-05   1203   0.000312963
 204   0.00191411     704 255             1204 255
 205 254.999          705 255             1205 134.451
 206   0.000110949    706 254.992         1206   0.0155036
 207 255              707 255             1207   0.000117325
 208 255              708 255             1208   0.00115075
 209   0.000377704    709   4.49858e-05   1209   0.000106781
 210 254.998          710 248.968         1210 255
 211  23.0512         711 103.105         1211 255
 212 255              712 255             1212 254.997
 213   6.98387e-05    713   0.000123666   1213   0.000171365
 214 254.999          714 255             1214 255
 215   0.00030226     715 255             1215 255
 216 255              716 255             1216 255
 217 169.215          717   0.00017496    1217 255
 218   8.6195e-05     718 255             1218 157.939
 219   4.88106e-05    719 255             1219   0.000234535
 220   9.50156e-05    720 255             1220  85.0218
 221   5.72448e-05    721   0.000309057   1221 255
 222   4.77509e-05    722   0.000168948   1222 255
 223 255              723  45.5824        1223 255
 224 255              724   2.32245       1224 118.502
 225 173.093          725 255             1225   0.000227716
 226 255              726 255             1226 255
 227 255              727   4.19358e-05   1227 255
 228 255              728   2.26885e-05   1228   0.000112577
 229   7.62566e-05    729   1.06777e-05   1229 255
 230   2.28641e-05    730   8.89017e-06   1230 255
 231   7.42079e-05    731   9.18767e-06   1231 255
 232   1.63302e-05    732   1.45839e-05   1232 255
 233   1.3722e-05     733   3.03704e-05   1233  52.1321
 234   1.43569e-05    734 255             1234   4.45991e-05
 235   2.04382e-05    735 255             1235   2.98936e-05
 236   1.15025e-05    736 255             1236   2.37697e-05
 237   9.5957e-06     737 255             1237   6.1671e-05
 238   8.39909e-06    738 255             1238 224.932
 239   6.91303e-06    739 255             1239 255
 240   7.14226e-06    740 255             1240 255
 241   6.98941e-06    741 255             1241 255
 242   7.7215e-06     742  90.0672        1242 255
 243   7.86028e-06    743   2.77503e-05   1243 255
 244   1.13055e-05    744   1.1954e-05    1244 255
 245   1.35472e-05    745   1.59692e-05   1245 255
 246   1.77609e-05    746   1.64368e-05   1246 255
 247   2.77193e-05    747 103.979         1247 255
 248  65.1502         748 255             1248 255
 249 255              749 255             1249 255
 250   0              750   0             1250   0
 251 255              751 255             1251   0.000533874
 252  85.5402         752   2.27416e-05   1252   0.000287278
 253 255              753  17.3894        1253   0.000153085
 254 204.487          754 255             1254 254.99
 255   0.00153966     755   0.00526054    1255 254.994
 256   9.93349e-05    756 255             1256 208.759
 257 255              757 255             1257   0.000157673
 258 255              758 255             1258  68.4885
 259   0.00166177     759   4.5441e-05    1259   7.2127e-05
 260 255              760  57.6288        1260 255
 261   0.000835239    761   0.000103331   1261   0.000343527
 262 255              762 255             1262   6.71358e-05
 263   5.67973e-05    763   3.7652e-05    1263   4.47033e-05
 264 254.999          764  71.67          1264   0.000608262
 265   0.00106277     765 255             1265 151.52
 266 255              766 255             1266 255
 267 254.999          767   0.000482961   1267   0.000164646
 268   6.36731e-05    768 255             1268   0.000485822
 269   5.21287e-05    769   0.00296324    1269   0.000168098
 270   0.000139586    770 255             1270 254.999
 271   8.57625e-05    771   0.000116331   1271 255
 272   6.57177e-05    772   0.000263695   1272 255
 273 255              773   0.000259464   1273 255
 274 255              774   0.000119117   1274   0.000558662
 275   0.000124656    775 255             1275   0.000155234
 276   0.00168957     776 255             1276 255
 277 255              777   0.000316835   1277   0.000835608
 278 148.003          778  63.64          1278   7.00909e-05
 279   5.62816e-05    779   2.88603e-05   1279   0.00031735
 280   2.32667e-05    780   1.73647e-05   1280   0.000212083
 281   7.61894e-05    781   1.16692e-05   1281 255
 282   1.79341e-05    782   1.04271e-05   1282 255
 283   1.39738e-05    783   1.24412e-05   1283   7.69167e-05
 284   1.56069e-05    784   2.04749e-05   1284   3.95889e-05
 285   2.20743e-05    785   1.69167e-05   1285   2.91518e-05
 286   1.32723e-05    786   5.62897e-05   1286   2.31919e-05
 287   1.17943e-05    787 255             1287   3.99907e-05
 288   1.09596e-05    788 255             1288   3.5504e-05
 289   1.03715e-05    789 255             1289   4.35484e-05
 290   1.01547e-05    790 255             1290   0.000330877
 291   9.68e-06       791 255             1291   0.0337535
 292   9.783e-06      792 255             1292   0.000259908
 293   8.68957e-06    793 255             1293  15.712
 294   9.778e-06      794   0.000160265   1294   0.00130249
 295   9.85836e-06    795 255             1295 255
 296   1.12514e-05    796   9.92151e-05   1296   8.51134e-05
 297   1.51914e-05    797 255             1297 160.096
 298   4.7319e-05     798 255             1298 254.999
 299 255              799 255             1299 255
 300   0              800   0             1300   0
 301 255              801 255             1301 254.995
 302 255              802   3.11e-05      1302 255
 303 255              803 255             1303  80.0246
 304 255              804 255             1304 254.991
 305 255              805 255             1305   0.000700173
 306   0.00022919     806 255             1306 151.666
 307 255              807 255             1307   0.00313451
 308 255              808 255             1308 255
 309 255              809   2.88714e-05   1309   0.000596574
 310 255              810   8.3418e-05    1310 255
 311 255              811   3.64139e-05   1311 255
 312 255              812   0.0001121     1312   6.51373e-05
 313   0.00211361     813   2.60757e-05   1313   3.03617e-05
 314 255              814   0.000187613   1314   8.82277e-05
 315 255              815 255             1315   8.57471e-05
 316 255              816 255             1316 124.714
 317 255              817   0.00121233    1317   5.6744e-05
 318 255              818   0.000428793   1318   0.000137316
 319   0.000858404    819   0.0002065     1319   0.00011702
 320 255              820 255             1320 254.999
 321   0.000186785    821   0.000138115   1321 225.121
 322   7.12935e-05    822   0.00300122    1322 255
 323 255              823   0.000119513   1323 255
 324 255              824   3.83031e-05   1324  91.9952
 325 255              825   3.61866e-05   1325 254.997
 326 255              826   7.3076e-05    1326 255
 327 255              827   3.15547e-05   1327 254.999
 328 255              828   5.92767e-05   1328   0.000120524
 329 161.177          829   3.33876e-05   1329 177.015
 330   3.87881e-05    830   2.51056e-05   1330   0.000142865
 331 244.276          831   1.48038e-05   1331  98.211
 332   3.57125e-05    832   1.08905e-05   1332   8.86807e-05
 333   2.05392e-05    833   1.37961e-05   1333   4.74669e-05
 334   3.0337e-05     834   2.00555e-05   1334   3.92157e-05
 335   6.21488e-05    835   2.05877e-05   1335   3.66156e-05
 336   2.79989e-05    836 255             1336   3.49179e-05
 337   2.29205e-05    837 255             1337   0.000143591
 338   3.29734e-05    838 255             1338   4.87704e-05
 339  60.1224         839 255             1339   8.72981e-05
 340  95.8043         840 255             1340   0.000255037
 341  80.2116         841 255             1341 233.419
 342   0.000125829    842 255             1342   0.000629292
 343   2.37272e-05    843   6.43829e-05   1343 255
 344   1.48977e-05    844 255             1344 255
 345   1.17831e-05    845 255             1345 255
 346   1.26377e-05    846 255             1346   0.000219507
 347   2.1222e-05     847 255             1347   0.000266969
 348 138.711          848 255             1348   0.000119362
 349 255              849 255             1349   0.00168305
 350   0              850   0             1350   0
 351 255              851 255             1351  94.1269
 352 255              852   2.14577e-05   1352 255
 353 255              853   8.7179e-05    1353 255
 354 255              854   7.19108e-05   1354   0.00274608
 355 255              855   3.67289e-05   1355   0.000450224
 356 254.999          856   7.33588e-05   1356 207.898
 357 255              857 255             1357 254.999
 358 255              858  67.2609        1358 255
 359   0.000227226    859   2.8873e-05    1359   0.00025811
 360 255              860   0.000297577   1360 238.581
 361   5.61104e-05    861   5.21636e-05   1361 255
 362   0.000175709    862 145.233         1362   9.76886e-05
 363   3.84263e-05    863   3.54431e-05   1363   3.7345e-05
 364   0.000312209    864 254.997         1364 254.994
 365 255              865 255             1365 143.803
 366 255              866 255             1366 255
 367 255              867 254.999         1367   0.000127196
 368   0.000467171    868   0.00202043    1368 255
 369 254.989          869   0.0705524     1369   0.143612
 370   0.000718219    870 255             1370 255
 371   5.45871e-05    871 255             1371   0.000131198
 372   3.64618e-05    872 255             1372 254.999
 373   3.08181        873 255             1373 255
 374 255              874 255             1374   4.31043e-05
 375   0.000160636    875 255             1375   4.79205e-05
 376   0.00030727     876 255             1376   7.24327e-05
 377 255              877 255             1377   5.94967e-05
 378   0.000182597    878 255             1378   6.35381e-05
 379   2.47751e-05    879 255             1379 254.999
 380   1.99637e-05    880 255             1380  53.8899
 381 129.294          881   5.99801e-05   1381 255
 382 255              882   2.01212e-05   1382   0.00584275
 383 255              883   2.41363e-05   1383 227.572
 384 255              884   2.90997e-05   1384   0.00108464
 385 255              885   4.23888e-05   1385 254.996
 386 255              886 255             1386 254.555
 387 180.767          887 255             1387 255
 388 255              888 255             1388   0.000142027
 389 255              889 255             1389   0.000378068
 390 255              890 255             1390   0.000139157
 391 255              891 254.999         1391   0.000188617
 392 255              892   2.30897e-05   1392   6.21295e-05
 393 255              893   2.06837e-05   1393   7.04052e-05
 394   0.000171805    894   0.0022042     1394   0.000107757
 395   1.80041e-05    895 255             1395   0.000580762
 396   1.11838e-05    896 255             1396   6.69226e-05
 397   1.16946e-05    897 255             1397   7.12779e-05
 398   1.31569e-05    898   0.000124864   1398   8.65119e-05
 399   1.80506e-05    899 142.765         1399  97.5873
 400   0              900   0             1400   0
 401 255              901 143.079         1401 254.999
 402   9.38843e-05    902   2.77327e-05   1402   8.85938e-05
 403 247.102          903   0.0073323     1403   3.90891e-05
 404   0.000114116    904  41.6531        1404   3.33015e-05
 405   6.29708e-05    905   7.18901e-05   1405   3.48933e-05
 406   3.73002e-05    906 254.999         1406   4.61404e-05
 407   7.07624e-05    907 255             1407   7.58212e-05
 408   0.000227296    908 227.352         1408 255
 409   4.87547e-05    909   3.18592e-05   1409   0.000150612
 410   0.000598315    910   0.000262026   1410   4.26096
 411   6.49392e-05    911   3.51642e-05   1411 255
 412   2.98774        912   6.95493e-05   1412 124.134
 413   5.10495e-05    913   2.32033e-05   1413   6.65276e-05
 414   0.000117448    914   5.15586e-05   1414 255
 415   0.000378454    915 255             1415 255
 416 255              916 255             1416 255
 417   0.000368641    917 249.749         1417   9.76581e-05
 418   0.000129102    918  31.8412        1418 254.999
 419 254.999          919   0.000415253   1419  16.4746
 420   0.000439116    920 255             1420 255
 421   4.59728e-05    921 161.417         1421   0.000957364
 422   2.68792e-05    922 255             1422 255
 423   0.000102938    923   0.000933197   1423 255
 424 255              924   0.000154971   1424   0.000161956
 425   0.000331717    925   5.94814e-05   1425 191.132
 426 255              926   6.67108e-05   1426 228.822
 427   0.00170586     927   6.83831e-05   1427   0.000658467
 428   5.61538e-05    928   7.98609e-05   1428   0.257411
 429   1.88915e-05    929   6.75071e-05   1429 255
 430   3.1746e-05     930   4.8537e-05    1430 255
 431 255              931   2.07416e-05   1431 255
 432 255              932   1.21449e-05   1432 255
 433 255              933   1.23027e-05   1433 255
 434 255              934   1.12146e-05   1434 255
 435 255              935   1.33874e-05   1435 255
 436 255              936   8.41824e-05   1436 255
 437 255              937 255             1437 255
 438 255              938 255             1438 255
 439 255              939   4.70163e-05   1439 119.918
 440 255              940   9.23674e-05   1440   6.68664e-05
 441 255              941   2.11455e-05   1441   6.17775e-05
 442 255              942   1.20142e-05   1442   4.30027e-05
 443 255              943   1.45549e-05   1443   6.92675e-05
 444 255              944   0.000248058   1444 238.755
 445 255              945 255             1445 255
 446   0.000110064    946 255             1446 255
 447 197.791          947  46.5161        1447 189.861
 448   5.07063e-05    948   3.6183e-05    1448   0.000247996
 449   5.93562e-05    949   3.13782e-05   1449  96.1987
 450   0              950   0             1450   0
 451 255              951 255             1451   0
 452   3.03306e-05    952   0.000117337   1452   0
 453   8.80265e-05    953 255             1453   0
 454   0.000433402    954 255             1454   0
 455   0.00034906     955 254.999         1455   0
 456   8.13209e-05    956 255             1456   0
 457 255              957 255             1457   0
 458 255              958 255             1458   0
 459   0.000134309    959   6.00561e-05   1459   0
 460 255              960 255             1460   0
 461 255              961 196.39          1461   0
 462 255              962 255             1462   0
 463 255              963   6.49945e-05   1463   0
 464 255              964   0.000176064   1464   0
 465 255              965 255             1465   0
 466 255              966   0.000331459   1466   0
 467 254.999          967   0.000173127   1467   0
 468 197.573          968   0.000183686   1468   0
 469 255              969   0.000166264   1469   0
 470   0.000142446    970 255             1470   0
 471   3.13011e-05    971 255             1471   0
 472   2.29708e-05    972 255             1472   0
 473   0.00014445     973 254.999         1473   0
 474 255              974 255             1474   0
 475 255              975   0.000349136   1475   0
 476 255              976  82.7542        1476   0
 477  34.8383         977 255             1477   0
 478   2.08146e-05    978   0.000271897   1478   0
 479   9.12953e-06    979 191.253         1479   0
 480   1.08886e-05    980   0.00551229    1480   0
 481 255              981   7.89503e-05   1481   0
 482 255              982   3.23264e-05   1482   0
 483 255              983   2.74941e-05   1483   0
 484 255              984   1.93112e-05   1484   0
 485 255              985   2.54566e-05   1485   0
 486 255              986 166.413         1486   0
 487 255              987 255             1487   0
 488 255              988 255             1488   0
 489 255              989   1.24919e-05   1489   0
 490 255              990   1.22731e-05   1490   0
 491 255              991   7.58906e-06   1491   0
 492 255              992   5.97695e-06   1492   0
 493 255              993   7.4522e-06    1493   0
 494 255              994   1.78882e-05   1494   0
 495 255              995 255             1495   0
 496 255              996 255             1496   0
 497 255              997   0.000211156   1497   0
 498 255              998   2.83067e-05   1498   0
 499 255              999   2.41014e-05   1499   0
 500   0             1000   0             1500   0
;

